1311
1500
1663
1847
2006
2241
2757
3321
3827
4885
5472
5636
6192
6347
7004
7202
7395
7562
7736
7943
8442
8818
9044
9594
9894
10595
11379
11886
12056
12384
12558
12752
13038
13436
13612
13787
14123
14654
15207
16316
16851
17040
17540
17729
18128
18345
18796
19141
19498
19687
19975
20379
20923
21665
21991
22334
22683
23061
23448
23834
24025
24191
24406
24545
24718
24851
25593
26177
26697
26990
275 "
27738
28425
28981
29510
29850
30570
30743
30930
31280
31855
32355
32724
33252
33449
34140
34719
35207
35368
35551
35741
35909
36089
36274
36641
36814
36990
37506
38031
38412
38957
39142
39485
39846
40208
40363
40911
41274
41622
41975
42338
42698
43271
43799
44141
44668
44829
45552
46070
46624
46991
47150
47342
47501
47661
47988
48340
48539
48906
49050
49393
49776
49952
50319
50495
50862
51205
51381
51788
51931
52267
52650
52985
53208
53392
53711
54079
54230
54613
54765
55132
55491
55667
56050
56202
56577
56912
57064
57431
57599
57758
57950
58117
58285
58453
59011
59402
59770
59945
60304
60472
60815
61198
61374
61733
61893
62228
62611
62771
63138
63306
63665
64008
64383
64543
64718
65070
65453
65604
66003
66155
66522
66905
67065
67456
67616
67959
68294
68470
68829
69029
69196
69372
69531
69707
69891
70441
70609
70777
71208
71391
71742
71894
72237
72612
72780
73187
73339
73682
74041
74392
74752
74991
75135
75470
75805
75973
76140
76500
76875
77026
77417
77577
77928
78280
78431
78607
78774
79277
79668
80059
80482
80754
80921
81129
81281
81831
82183
82558
82733
83109
83284
83643
84026
84202
84569
84721
85072
85455
85607
86126
86485
86844
87243
87451
87618
87938
88273
88440
88800
88959
89326
89694
89877
90228
90380
90731
91130
91274
91817
92000
92160
92336
92527
92727
93277
93429
93597
93756
93940
94139
94722
94866
95041
95209
95385
95552
96151
96311
96486
96638
96837
97005
97548
98043
98545
99032
99567
99974
100780
100964
101163
101315
101475
101658
101842
102592
103095
103574
103981
104332
104500
104699
105067
105226
105426
105777
105961
106432
106823
107198
107373
107549
107892
108068
108267
108619
108802
109153
109329
109688
109848
110175
110351
110726
111101
111452
111628
111979
112162
112322
112506
112681
112857
113017
113200
113567
113950
114310
114485
114844
115004
115395
115579
115938
116121
116481
116856
117183
117367
117718
117878
118253
118596
118763
118947
119147
119330
119506
119681
120017
120216
120567
120735
121110
121286
121461
121637
121829
122188
122347
122555
122898
123090
123457
123616
123952
124135
124303
124479
124670
125005
125372
125540
125931
126083
126434
126793
126969
127352
127528
127855
128206
128398
128773
128932
129276
129635
129978
130138
130329
130617
130760
131095
131247
131415
131806
131973
132213
132532
132867
133035
133211
133570
133937
134280
134448
134639
135023
135366
135549
135924
136084
136467
136818
137146
137313
137505
137888
138223
138375
138566
138966
139301
139668
139820
139995
140378
140706
141097
141456
141616
141823
142166
142533
142717
143100
143252
143603
143970
144154
144529
144697
145040
145399
145559
145734
146093
146437
146780
146947
147514
147833
148233
148408
148799
148967
149302
149645
149837
150220
150380
150723
151066
151242
151649
151800
152152
152487
152838
153022
153197
153556
153916
154099
154251
154418
154610
154985
155368
155536
155895
156055
156446
156781
156941
157140
157523
157843
158194
158354
158553
158729
158912
159271
159631
159822
160189
160357
160700
160892
161075
161243
161610
161778
162113
162456
162632
163015
163199
163374
163550
163893
164260
164436
164619
165002
165346
165529
165896
166080
166407
166774
166966
167341
167501
167836
168179
168355
168746
168914
169289
169584
169792
170167
170326
170678
171037
171236
171603
171771
172146
172481
172649
172833
173008
173200
173527
173918
174110
174429
174621
174772
174964
175331
175690
175882
176065
176241
176424
176768
176943
177294
177470
177821
178188
178364
178548
178731
178915
179234
179577
179769
179944
180128
180312
180495
180679
180862
181038
181222
181581
181764
181924
182100
182251
182435
182618
183033
183217
183393
183552
183720
183903
184079
184438
184622
184789
184973
185133
185324
185508
186027
186529
186905
187056
187463
187623
188014
188182
188549
189329
189496
189672
189839
189999
190159
190318
190725
190901
191061
191444
191619
192106
192992
193160
193711
193878
194444
194607
194795
194966
195155
195339
195506
195686
195861
196054
196208
196375
196552
196791
197111
197279
197638
197789
198707
198859
199434
199593
199992
200160
200320
200486
200695
200873
201035
201218
201396
201574
201757
202494
202770
202922
203457
204382
204550
205125
205308
205699
206011
206362
206522
206681
207072
207416
208245
208741
209355
219636