528
776
1542
2109
2683
3298
3506
4352
4846
5134
5413
5956
6547
7073
7632
7888
8431
8662
8942
9318
9813
10412
10921
11479
11990
12262
13156
13666
13954
14233
14800
15351
15901
16404
16668
17522
18056
18599
19174
19709
20251
20818
21098
21936
22199
22470
22750
23029
23620
24171
24721
25232
25791
26094
26637
26900
27212
27962
28505
29087
29678
29933
30764
31298
31554
32120
32392
32943
33517
34028
34571
35162
35425
35672
35952
36758
37285
37859
38386
38945
39552
40118
40669
41228
41787
42337
42872
43423
43958
44500
45027
45578
46129
46663
47230
47757
48356
48643
48922
49449
50000
50551
51085
51636
52195
52754
53320
53600
53863
54398
54941
55483
56010
56553
57128
57407
57662
58221
58796
59355
59921
60432
60967
61550
61837
62124
62643
63194
63721
64279
64830
65389
65948
66227
66498
67065
67624
68183
68717
69244
69819
70370
70625
70904
71463
72014
72549
73131
73658
74225
74784
75039
75318
75861
76412
76955
77537
78048
78599
79190
79469
79724
80259
80802
81353
81951
82470
83029
83588
84138
84665
85216
85759
86349
86597
86908
87475
88025
88281
88560
89103
89654
90181
90763
91314
91833
92399
92663
92918
93517
94052
94594
95209
95584
95951
96550
96813
97061
97324
97907
98450
98992
99559
100102
100349
100940
101203
101746
102305
102832
103398
103941
104500
105601
106160
106679
107238
107781
108331
108882
109409
109976
110534
111069
111652
112218
112769
113280
113847
114405
114924
115499
116042
116608
117199
117734
118277
118859
119426
119945
120504
121038
121581
122140
122667
123776
124303
124838
125365
125955
126490
127041
127647
127911
128182
128725
129292
129842
130393
130912
131487
131766
132029
132333
132604
133107
133658
134192
134759
135318
135869
136443
136994
137521
138088
138622
139197
139756
140259
140873
141121
141376
141935
142486
143036
143587
144130
144713
145263
145511
145782
146373
146940
147458
148017
148552
149071
149677
149933
150212
150739
151282
151848
152391
152926
153501
154051
154610
155153
155759
156286
156829
157372
157947
158473
158729
158984
159543
160102
160652
161211
161746
162273
162879
163143
163398
163949
164524
165050
165601
166144
166687
167229
167796
168331
168914
169456
169720
170007
170582
171133
171691
171939
172234
172793
173344
173870
174453
174972
175539
176097
176377
176696