15071
15319
15542
15782
16037
16396
16747
16963
17194
17418
17657
17897
18240
18615
18847
19094
19334
19557
19804
20164
20531
20770
21010
21233
21465
21720
22063
22415
22662
22901
23133
23356
23596
23955
24306
24546
24801
25025
25248
25496
25831
26198
26437
26669
26908
27148
27387
27754
28098
28353
28585
28824
29047
29287
30261
30484
30724
30963
31187
31538
31889
32128
32360
32583
32815
33038
33382
33725
33996
34236
34491
34707
34938
35281
35640
35888
36119
36367
36614
36862
37173
37548
37780
38035
38274
38498
38737
39089
39464
39703
39927
40158
40398
40645
40948
41292
41547
41794
42034
42273
42529
42856
43207
43447
43670
43918
44141
45346
45570
45825
46264
46592
46975
47446
47909
48124
48515
48890
49361
49816
50056
50303
50543
50782
51189
51668
51939
52179
52434
53400
53847
54198
54565
55004
55483
55707
56106
56465
56952
57367
57615
57870
58101
58333
58788
59259
59530
59762
60001
60241
60911
61366
61741
62005
62148
62555
63058
63282
63673
64016
64255
64503
64982
65221
65445
65660
65908
66331
66802
67033
67281
67560
68055
68526
68965
69228
69428
69715
70130
70378
70625
70864
71104
71351
71591
72046
72517
72988
73443
73906
74368
74640
74863
75103
75342
76037
76492
76859
77146
77282
77697
78192
78399
78766
79150
79597
80044
80291
80554
80778
81025
81448
81943
82406
83619
84050
84314
84745
85016
85256
85495
85759
85974
86214
86445
86676
87147
87626
88121
88584
89055
89542
89957
90228
90356
90596
91641
92144
92607
93078
93557
94012
94227
94722
95409
95664
95911
96175
96414
96638
96861
97085
97324
97556
97803
98035
98314
98745
99200
99687
100158
100820
101299
101507
101642
101930
102776
102991
103231
103470
103718
103973
104316
104636
105298
105785
106288
106751
106966
107198
107541
107900
108403
108643
108890
109113
109345
109584
109816
110079
111285
111500
111716
111939
112187
112841
113360
115260
116233
116361
116600
116912
117047
117141
119027
119985
120232
120464
120695
120919
122786
123273
123648
124024
124247
124598
126602
127536
127775
128015
128262
128509
130385
131303
131646
131997
132245
134145
135118
135366
135597
135781
136044
137968
138415
138543
138774
139117
139349
139540
139780
141751
143859
144074
144218
144856
145056
145199
145774
145982
146117
146724
146924
147067
147642
147857
147985
148576
148791
148943
149462
149701
149845
150396
151170
151617
151832
152064
152295
152519
152742
154466
154690
154921
155344
155600
155839
156071
156294
156526
158242
158473
158697
158944
159184
159423
159655
159894
160134
160381
160812
162017
162265
162504
162959
163207
163446
163662
163901
164156
168179
168411
168618
168858
169089
169448
169824
170047
170286
170526
170741
170981
171340
171723
171931
172170
172434
172665
172928
173248
173615
173846
174086
174317
174541
174748
175115
175491
175738
175978
176201
176432
176680
177023
177414
177630
177845
178069
178300
178524
178899
179266
179513
179739
179971
180194
180434
180830
181150
181389
181637
181852
182084
182315
182850
183776
184223
184558
184949
185420
185899
186099
186482
186865
187328
187775
188022
188254
188509
188733
189195
189682
189914
190145
190377
190608
191287
191798
192157
192524
192995
193426
193641
194056
194440
194895
195310
195557
195796
196044
196283
196746
197193
197433
197680
197920
198159
198869
199356
199716
199971
200099
200522
201001
201248
201615
201966
202581
202909
203101
203339
203579
203826
204265
204768
205239
205678
206420
206899
207155
207402
207673
207897
208112
208336
208583
208815
209046
209286
209517
209996
210475
210938
211433
211872
212351
212806
213029
213412
214482
214961
215440
215903
216398
216829
217044
217515
218218
218465
218744
218984
219223
219455
219702
219942
220173
220405
220652
220868
221003
221139
221570
222041
222544
222983
223118
223741
224132
224356
224491
224795
225601
225848
226080
226311
226822
227149
227476
228147
228666
228905
229129
229360
229624
229847
230063
230190
230438
230773
231252
231491
231723
231962
232186
232417
232641
232888
234038
234285
234516
234756
234995
235642
236185
236400
236648
236879
237103
237470
237813
238052